Total number of nodes: 151
152	65 -28	32x32
153	108 -124	32x32
154	64 32	32x32
155	96 32	32x32
156	2464 128	32x32
157	2496 128	32x32
158	2528 128	32x32
159	1376 160	32x32
160	224 288	32x32
161	256 288	32x32
162	288 288	32x32
163	2464 288	32x32
164	2496 288	32x32
165	2528 288	32x32
166	1344 320	32x32
167	1376 320	32x32
168	1408 320	32x32
169	1120 416	32x32
170	1184 416	32x32
171	3648 480	32x32
172	3680 480	32x32
173	3712 480	32x32
174	3744 480	32x32
175	3776 480	32x32
176	3808 480	32x32
177	3776 512	32x32
178	3808 512	32x32
179	2304 544	32x32
180	2368 544	32x32
181	3776 544	32x32
182	3808 544	32x32
183	1984 576	32x32
184	2016 576	32x32
185	2048 576	32x32
186	2080 576	32x32
187	2112 576	32x32
188	2304 576	32x32
189	2336 576	32x32
190	2368 576	32x32
191	2592 576	32x32
192	2624 576	32x32
193	2720 576	32x32
194	2752 576	32x32
195	2784 576	32x32
196	3776 576	32x32
197	3808 576	32x32
198	0 608	32x32
199	64 640	32x32
200	96 640	32x32
201	64 672	32x32
202	96 672	32x32
203	1344 960	32x32
204	1408 960	32x32
205	1120 1056	32x32
206	1184 1056	32x32
207	3648 1120	32x32
208	3680 1120	32x32
209	3712 1120	32x32
210	3744 1120	32x32
211	3776 1120	32x32
212	3808 1120	32x32
213	3776 1152	32x32
214	3808 1152	32x32
215	2304 1184	32x32
216	2368 1184	32x32
217	3776 1184	32x32
218	3808 1184	32x32
219	3776 1216	32x32
220	0 1248	32x32
221	608 1248	32x32
222	640 1248	32x32
223	672 1248	32x32
224	704 1248	32x32
225	832 1248	32x32
226	864 1248	32x32
227	896 1248	32x32
228	928 1248	32x32
229	960 1248	32x32
230	992 1248	32x32
231	1024 1248	32x32
232	1056 1248	32x32
233	1088 1248	32x32
234	1120 1248	32x32
235	1152 1248	32x32
236	1184 1248	32x32
237	1344 1248	32x32
238	1376 1248	32x32
239	1408 1248	32x32
240	1440 1248	32x32
241	1472 1248	32x32
242	1504 1248	32x32
243	1536 1248	32x32
244	1568 1248	32x32
245	1792 1248	32x32
246	1824 1248	32x32
247	1856 1248	32x32
248	1888 1248	32x32
249	1920 1248	32x32
250	1952 1248	32x32
251	1984 1248	32x32
252	2016 1248	32x32
253	2048 1248	32x32
254	2080 1248	32x32
255	2112 1248	32x32
256	2304 1248	32x32
257	2336 1248	32x32
258	2368 1248	32x32
259	2528 1248	32x32
260	2560 1248	32x32
261	2592 1248	32x32
262	2624 1248	32x32
263	2656 1248	32x32
264	2688 1248	32x32
265	2720 1248	32x32
266	2752 1248	32x32
267	2784 1248	32x32
268	2816 1248	32x32
269	2848 1248	32x32
270	2880 1248	32x32
271	2912 1248	32x32
272	2944 1248	32x32
273	2976 1248	32x32
274	3008 1248	32x32
275	3040 1248	32x32
276	3072 1248	32x32
277	3104 1248	32x32
278	3136 1248	32x32
279	3168 1248	32x32
280	3200 1248	32x32
281	3232 1248	32x32
282	3264 1248	32x32
283	3296 1248	32x32
284	3328 1248	32x32
285	3360 1248	32x32
286	3392 1248	32x32
287	3424 1248	32x32
288	3456 1248	32x32
289	3488 1248	32x32
290	3520 1248	32x32
291	3552 1248	32x32
292	3584 1248	32x32
293	3616 1248	32x32
294	3648 1248	32x32
295	3680 1248	32x32
296	3712 1248	32x32
297	3744 1248	32x32
298	3776 1248	32x32
299	3808 1248	32x32
300	3808 1248	32x32
301	3808 1248	32x32
302	3808 1248	32x32

